4.630000000000000226e-01 6.980675429277777289e-01
2.131499999999999950e+00 5.070399994948957545e-01
4.125000000000000000e+00 5.001306292786508179e-01
2.390499999999999847e+00 5.041938035825622721e-01
1.861499999999999932e+00 5.120806874430191558e-01
3.810000000000000053e+00 5.002452709155564836e-01
1.665000000000000036e+00 5.178965525338277143e-01
4.108999999999999986e+00 5.001348770169122826e-01
4.552999999999999936e+00 5.000554989098048297e-01
1.831500000000000128e+00 5.128277154343893196e-01
4.326500000000000234e+00 5.000873011274483693e-01
1.716500000000000137e+00 5.161449627730949619e-01
2.705999999999999961e+00 5.022313529341233540e-01
4.184000000000000163e+00 5.001160897242928893e-01
6.165000000000000480e-01 6.457085069750428952e-01
2.140499999999999847e+00 5.069144131717087109e-01
1.223500000000000032e+00 5.432764279843103061e-01
2.097999999999999865e+00 5.075278396262435932e-01
4.918000000000000149e+00 5.000267454235751696e-01
1.173000000000000043e+00 5.478757014179993501e-01
4.740000000000000213e+00 5.000381819685774110e-01
2.946499999999999897e+00 5.013793441028885356e-01
4.312500000000000000e+00 5.000897801027128775e-01
1.395000000000000018e+00 5.307106069575000529e-01
4.098500000000000476e+00 5.001377393839299135e-01
7.720000000000000195e-01 6.067626448928172822e-01
4.523500000000000298e+00 5.000588718694091162e-01
7.515000000000000568e-01 6.112308863751860777e-01
4.239500000000000490e+00 5.001038931926222730e-01
4.923000000000000043e+00 5.000264793021641507e-01
3.282500000000000195e+00 5.007044119754527900e-01
4.079500000000000348e+00 5.001430742000856355e-01
6.290000000000000036e-01 6.421109511196088082e-01
3.340500000000000025e+00 5.006272614111347830e-01
4.262500000000000178e+00 5.000992223585402074e-01
2.989500000000000046e+00 5.012656781916782212e-01
1.370999999999999996e+00 5.322206676270125891e-01
4.959000000000000519e+00 5.000246398087632160e-01
3.248499999999999943e+00 5.007539781414017677e-01
4.455000000000000071e+00 5.000675159169943873e-01
4.804999999999999827e-01 6.912550922358902117e-01
3.408500000000000085e+00 5.005475005013534373e-01
3.094500000000000028e+00 5.010259388026422345e-01
3.694999999999999951e-01 7.387956340365260388e-01
4.816500000000000448e+00 5.000327650820736158e-01
4.927999999999999936e+00 5.000262158287054337e-01
3.068500000000000227e+00 5.010806990480066725e-01
4.988999999999999879e+00 5.000232048980075561e-01
1.897499999999999964e+00 5.112414529083677550e-01
2.230999999999999872e+00 5.057696308351057324e-01
