1.032437324523925781e+00 1.015130162239074707e+00
1.099859356880187988e+00 1.091263651847839355e+00
9.936142563819885254e-01 1.153497457504272461e+00
9.053854942321777344e-01 1.189236760139465332e+00
8.273329734802246094e-01 1.202792525291442871e+00
7.922163009643554688e-01 1.199198961257934570e+00
7.256123423576354980e-01 1.153154373168945312e+00
6.876026391983032227e-01 1.129970550537109375e+00
6.500061154365539551e-01 1.119689464569091797e+00
6.287987232208251953e-01 1.126215100288391113e+00
6.621248126029968262e-01 1.142294406890869141e+00
6.981756091117858887e-01 1.145167589187622070e+00
7.507430315017700195e-01 1.143976211547851562e+00
7.894133329391479492e-01 1.142614483833312988e+00
8.579335808753967285e-01 1.150724172592163086e+00
9.010461568832397461e-01 1.161276221275329590e+00
9.227885007858276367e-01 1.164200782775878906e+00
9.350990653038024902e-01 1.163556456565856934e+00
9.384058117866516113e-01 1.163519144058227539e+00
9.444883465766906738e-01 1.162553787231445312e+00
9.492390155792236328e-01 1.161477565765380859e+00
9.444639682769775391e-01 1.159738898277282715e+00
9.342549443244934082e-01 1.157700538635253906e+00
9.291518330574035645e-01 1.154183149337768555e+00
9.305863976478576660e-01 1.154891490936279297e+00
9.342914223670959473e-01 1.155494689941406250e+00
9.259690046310424805e-01 1.154117107391357422e+00
9.115378856658935547e-01 1.150947809219360352e+00
9.042794108390808105e-01 1.147423624992370605e+00
9.053272604942321777e-01 1.144641876220703125e+00
9.036035537719726562e-01 1.138784766197204590e+00
9.041709303855895996e-01 1.137650609016418457e+00
8.985194563865661621e-01 1.133671045303344727e+00
8.720810413360595703e-01 1.123452663421630859e+00
8.278000950813293457e-01 1.108453750610351562e+00
7.559890151023864746e-01 1.080443620681762695e+00
7.484087347984313965e-01 1.076489090919494629e+00
7.456132769584655762e-01 1.074126124382019043e+00
7.175829410552978516e-01 1.061339974403381348e+00
7.040017843246459961e-01 1.054829001426696777e+00
7.029256820678710938e-01 1.055364131927490234e+00
6.807705760002136230e-01 1.050502538681030273e+00
6.630960702896118164e-01 1.045249700546264648e+00
6.173905730247497559e-01 1.030842065811157227e+00
5.658987164497375488e-01 1.014188885688781738e+00
5.346478819847106934e-01 1.002398490905761719e+00
5.031544566154479980e-01 9.869842529296875000e-01
4.959180653095245361e-01 9.832003712654113770e-01
4.880123734474182129e-01 9.798998832702636719e-01
4.764705598354339600e-01 9.738414287567138672e-01
4.695405662059783936e-01 9.679236412048339844e-01
4.510463178157806396e-01 9.500862360000610352e-01
4.262004494667053223e-01 9.328740239143371582e-01
3.951381444931030273e-01 9.120826721191406250e-01
3.745441436767578125e-01 8.975683450698852539e-01
3.571096360683441162e-01 8.831065893173217773e-01
3.587808310985565186e-01 8.817492723464965820e-01
3.879548311233520508e-01 8.935285210609436035e-01
4.128789007663726807e-01 8.982535600662231445e-01
4.280614852905273438e-01 8.996892571449279785e-01
4.324169158935546875e-01 8.990202546119689941e-01
4.491670429706573486e-01 8.946665525436401367e-01
4.682097434997558594e-01 8.903124928474426270e-01
4.743502438068389893e-01 8.846584558486938477e-01
4.784985482692718506e-01 8.803826570510864258e-01
4.808364808559417725e-01 8.780066967010498047e-01
4.800778925418853760e-01 8.645387887954711914e-01
4.705297648906707764e-01 8.420073986053466797e-01
4.513852000236511230e-01 8.129353523254394531e-01
4.340130686759948730e-01 7.957748770713806152e-01
4.319790601730346680e-01 7.855685949325561523e-01
4.336691796779632568e-01 7.753539681434631348e-01
4.369146525859832764e-01 7.634227275848388672e-01
4.326142668724060059e-01 7.494844198226928711e-01
4.338642954826354980e-01 7.392112016677856445e-01
4.636536538600921631e-01 7.155099511146545410e-01
4.813052713871002197e-01 6.883291602134704590e-01
4.747504591941833496e-01 6.804001927375793457e-01
4.620979428291320801e-01 6.665068268775939941e-01
4.504688382148742676e-01 6.313862204551696777e-01
4.419521391391754150e-01 6.015189886093139648e-01
4.253638088703155518e-01 5.563568472862243652e-01
4.221193790435791016e-01 5.358681082725524902e-01
4.356209635734558105e-01 4.934087395668029785e-01
4.439640343189239502e-01 4.598302245140075684e-01
4.466381669044494629e-01 4.320821464061737061e-01
4.465411901473999023e-01 4.191021323204040527e-01
4.555679857730865479e-01 4.032274782657623291e-01
4.743091762065887451e-01 3.814842700958251953e-01
4.811584651470184326e-01 3.632704615592956543e-01
4.803303480148315430e-01 3.562143445014953613e-01
4.785560369491577148e-01 3.568122982978820801e-01
4.840370714664459229e-01 3.530536592006683350e-01
4.971346855163574219e-01 3.396455645561218262e-01
5.053793787956237793e-01 3.305483162403106689e-01
4.897192418575286865e-01 3.387556672096252441e-01
4.830352365970611572e-01 3.394646644592285156e-01
4.895421564579010010e-01 3.235532045364379883e-01
4.955671429634094238e-01 3.092276751995086670e-01
4.931124746799468994e-01 3.072552382946014404e-01
4.927493929862976074e-01 3.082557320594787598e-01
5.071948170661926270e-01 3.004054129123687744e-01
5.125201940536499023e-01 2.976239323616027832e-01
5.083770751953125000e-01 2.981489002704620361e-01
5.015068054199218750e-01 2.958455085754394531e-01
5.089889764785766602e-01 2.809596955776214600e-01
5.148838758468627930e-01 2.724513113498687744e-01
5.155934691429138184e-01 2.665612399578094482e-01
5.133854150772094727e-01 2.580175995826721191e-01
5.117965340614318848e-01 2.489649653434753418e-01
5.090017318725585938e-01 2.426612675189971924e-01
5.052509307861328125e-01 2.433452159166336060e-01
5.029258728027343750e-01 2.461707144975662231e-01
5.030047893524169922e-01 2.459192872047424316e-01
5.030305981636047363e-01 2.458858788013458252e-01
5.030832290649414062e-01 2.458139806985855103e-01
5.031346082687377930e-01 2.457432895898818970e-01
5.032922029495239258e-01 2.455300241708755493e-01
5.033301115036010742e-01 2.454775124788284302e-01
5.034171938896179199e-01 2.453566938638687134e-01
5.034462213516235352e-01 2.453165352344512939e-01
5.034705996513366699e-01 2.452834248542785645e-01
5.034809112548828125e-01 2.452690005302429199e-01
5.034809112548828125e-01 2.452690005302429199e-01
5.034809112548828125e-01 2.452690005302429199e-01
5.034809112548828125e-01 2.452690005302429199e-01
5.034809112548828125e-01 2.452690005302429199e-01
5.034809112548828125e-01 2.452690005302429199e-01
5.034809112548828125e-01 2.452690005302429199e-01
5.034809112548828125e-01 2.452690005302429199e-01
5.034809112548828125e-01 2.452690005302429199e-01
5.034809112548828125e-01 2.452690005302429199e-01
5.034809112548828125e-01 2.452690005302429199e-01
5.034809112548828125e-01 2.452690005302429199e-01
5.034809112548828125e-01 2.452690005302429199e-01
5.034809112548828125e-01 2.452690005302429199e-01
5.034809112548828125e-01 2.452690005302429199e-01
5.034809112548828125e-01 2.452690005302429199e-01
5.034809112548828125e-01 2.452690005302429199e-01
5.034809112548828125e-01 2.452690005302429199e-01
5.034809112548828125e-01 2.452690005302429199e-01
5.034809112548828125e-01 2.452690005302429199e-01
5.034809112548828125e-01 2.452690005302429199e-01
5.034809112548828125e-01 2.452690005302429199e-01
5.034809112548828125e-01 2.452690005302429199e-01
5.034809112548828125e-01 2.452690005302429199e-01
5.034809112548828125e-01 2.452690005302429199e-01
5.034809112548828125e-01 2.452690005302429199e-01
5.034809112548828125e-01 2.452690005302429199e-01
5.034809112548828125e-01 2.452690005302429199e-01
5.034809112548828125e-01 2.452690005302429199e-01
5.034809112548828125e-01 2.452690005302429199e-01
5.034809112548828125e-01 2.452690005302429199e-01
5.034809112548828125e-01 2.452690005302429199e-01
5.034809112548828125e-01 2.452690005302429199e-01
5.034809112548828125e-01 2.452690005302429199e-01
5.034809112548828125e-01 2.452690005302429199e-01
5.034809112548828125e-01 2.452690005302429199e-01
5.034809112548828125e-01 2.452690005302429199e-01
5.034809112548828125e-01 2.452690005302429199e-01
5.034809112548828125e-01 2.452690005302429199e-01
5.034809112548828125e-01 2.452690005302429199e-01
5.034809112548828125e-01 2.452690005302429199e-01
5.034809112548828125e-01 2.452690005302429199e-01
5.034809112548828125e-01 2.452690005302429199e-01
5.034809112548828125e-01 2.452690005302429199e-01
5.034809112548828125e-01 2.452690005302429199e-01
5.034809112548828125e-01 2.452690005302429199e-01
5.034809112548828125e-01 2.452690005302429199e-01
5.034809112548828125e-01 2.452690005302429199e-01
5.034809112548828125e-01 2.452690005302429199e-01
5.034809112548828125e-01 2.452690005302429199e-01
5.034809112548828125e-01 2.452690005302429199e-01
5.034809112548828125e-01 2.452690005302429199e-01
5.034809112548828125e-01 2.452690005302429199e-01
5.034809112548828125e-01 2.452690005302429199e-01
5.034809112548828125e-01 2.452690005302429199e-01
5.034809112548828125e-01 2.452690005302429199e-01
5.034809112548828125e-01 2.452690005302429199e-01
5.034809112548828125e-01 2.452690005302429199e-01
5.034809112548828125e-01 2.452690005302429199e-01
5.034809112548828125e-01 2.452690005302429199e-01
5.034809112548828125e-01 2.452690005302429199e-01
5.034809112548828125e-01 2.452690005302429199e-01
5.034809112548828125e-01 2.452690005302429199e-01
5.034809112548828125e-01 2.452690005302429199e-01
5.034809112548828125e-01 2.452690005302429199e-01
5.034809112548828125e-01 2.452690005302429199e-01
5.034809112548828125e-01 2.452690005302429199e-01
5.034809112548828125e-01 2.452690005302429199e-01
5.034809112548828125e-01 2.452690005302429199e-01
5.034809112548828125e-01 2.452690005302429199e-01
5.034809112548828125e-01 2.452690005302429199e-01
5.034809112548828125e-01 2.452690005302429199e-01
5.034809112548828125e-01 2.452690005302429199e-01
5.034809112548828125e-01 2.452690005302429199e-01
5.034809112548828125e-01 2.452690005302429199e-01
5.034809112548828125e-01 2.452690005302429199e-01
5.034809112548828125e-01 2.452690005302429199e-01
5.034809112548828125e-01 2.452690005302429199e-01
5.034809112548828125e-01 2.452690005302429199e-01
5.034809112548828125e-01 2.452690005302429199e-01
5.034809112548828125e-01 2.452690005302429199e-01
5.034809112548828125e-01 2.452690005302429199e-01
5.034809112548828125e-01 2.452690005302429199e-01
5.034809112548828125e-01 2.452690005302429199e-01
5.034809112548828125e-01 2.452690005302429199e-01
5.034809112548828125e-01 2.452690005302429199e-01
5.034809112548828125e-01 2.452690005302429199e-01
5.034809112548828125e-01 2.452690005302429199e-01
5.034809112548828125e-01 2.452690005302429199e-01
5.034809112548828125e-01 2.452690005302429199e-01
5.034809112548828125e-01 2.452690005302429199e-01
5.034809112548828125e-01 2.452690005302429199e-01
5.034809112548828125e-01 2.452690005302429199e-01
5.034809112548828125e-01 2.452690005302429199e-01
5.034809112548828125e-01 2.452690005302429199e-01
5.034809112548828125e-01 2.452690005302429199e-01
5.034809112548828125e-01 2.452690005302429199e-01
5.034809112548828125e-01 2.452690005302429199e-01
5.034809112548828125e-01 2.452690005302429199e-01
5.034809112548828125e-01 2.452690005302429199e-01
5.034809112548828125e-01 2.452690005302429199e-01
5.034809112548828125e-01 2.452690005302429199e-01
5.034809112548828125e-01 2.452690005302429199e-01
5.034809112548828125e-01 2.452690005302429199e-01
5.034809112548828125e-01 2.452690005302429199e-01
5.034809112548828125e-01 2.452690005302429199e-01
5.034809112548828125e-01 2.452690005302429199e-01
5.034809112548828125e-01 2.452690005302429199e-01
5.034809112548828125e-01 2.452690005302429199e-01
5.034809112548828125e-01 2.452690005302429199e-01
5.034809112548828125e-01 2.452690005302429199e-01
5.034809112548828125e-01 2.452690005302429199e-01
5.034809112548828125e-01 2.452690005302429199e-01
5.034809112548828125e-01 2.452690005302429199e-01
5.034809112548828125e-01 2.452690005302429199e-01
5.034809112548828125e-01 2.452690005302429199e-01
5.034809112548828125e-01 2.452690005302429199e-01
5.034809112548828125e-01 2.452690005302429199e-01
5.034809112548828125e-01 2.452690005302429199e-01
5.034809112548828125e-01 2.452690005302429199e-01
5.034809112548828125e-01 2.452690005302429199e-01
5.034809112548828125e-01 2.452690005302429199e-01
5.034809112548828125e-01 2.452690005302429199e-01
5.034809112548828125e-01 2.452690005302429199e-01
5.034809112548828125e-01 2.452690005302429199e-01
5.034809112548828125e-01 2.452690005302429199e-01
5.034809112548828125e-01 2.452690005302429199e-01
5.034809112548828125e-01 2.452690005302429199e-01
5.034809112548828125e-01 2.452690005302429199e-01
5.034809112548828125e-01 2.452690005302429199e-01
5.034809112548828125e-01 2.452690005302429199e-01
5.034809112548828125e-01 2.452690005302429199e-01
5.034809112548828125e-01 2.452690005302429199e-01
5.034809112548828125e-01 2.452690005302429199e-01
5.034809112548828125e-01 2.452690005302429199e-01
5.034809112548828125e-01 2.452690005302429199e-01
5.034809112548828125e-01 2.452690005302429199e-01
5.034809112548828125e-01 2.452690005302429199e-01
5.034809112548828125e-01 2.452690005302429199e-01
5.034809112548828125e-01 2.452690005302429199e-01
5.034809112548828125e-01 2.452690005302429199e-01
5.034809112548828125e-01 2.452690005302429199e-01
5.034809112548828125e-01 2.452690005302429199e-01
5.034809112548828125e-01 2.452690005302429199e-01
5.034809112548828125e-01 2.452690005302429199e-01
5.034809112548828125e-01 2.452690005302429199e-01
5.034809112548828125e-01 2.452690005302429199e-01
5.034809112548828125e-01 2.452690005302429199e-01
5.034809112548828125e-01 2.452690005302429199e-01
5.034809112548828125e-01 2.452690005302429199e-01
5.034809112548828125e-01 2.452690005302429199e-01
5.034809112548828125e-01 2.452690005302429199e-01
5.034809112548828125e-01 2.452690005302429199e-01
5.034809112548828125e-01 2.452690005302429199e-01
5.034809112548828125e-01 2.452690005302429199e-01
5.034809112548828125e-01 2.452690005302429199e-01
5.034809112548828125e-01 2.452690005302429199e-01
5.034809112548828125e-01 2.452690005302429199e-01
5.034809112548828125e-01 2.452690005302429199e-01
5.034809112548828125e-01 2.452690005302429199e-01
5.034809112548828125e-01 2.452690005302429199e-01
5.034809112548828125e-01 2.452690005302429199e-01
5.034809112548828125e-01 2.452690005302429199e-01
5.034809112548828125e-01 2.452690005302429199e-01
5.034809112548828125e-01 2.452690005302429199e-01
5.034809112548828125e-01 2.452690005302429199e-01
5.034809112548828125e-01 2.452690005302429199e-01
5.034809112548828125e-01 2.452690005302429199e-01
5.034809112548828125e-01 2.452690005302429199e-01
5.034809112548828125e-01 2.452690005302429199e-01
5.034809112548828125e-01 2.452690005302429199e-01
5.034809112548828125e-01 2.452690005302429199e-01
5.034809112548828125e-01 2.452690005302429199e-01
5.034809112548828125e-01 2.452690005302429199e-01
5.034809112548828125e-01 2.452690005302429199e-01
5.034809112548828125e-01 2.452690005302429199e-01
5.034809112548828125e-01 2.452690005302429199e-01
5.034809112548828125e-01 2.452690005302429199e-01
5.034809112548828125e-01 2.452690005302429199e-01
5.034809112548828125e-01 2.452690005302429199e-01
5.034809112548828125e-01 2.452690005302429199e-01
5.034809112548828125e-01 2.452690005302429199e-01
5.034809112548828125e-01 2.452690005302429199e-01
5.034809112548828125e-01 2.452690005302429199e-01
5.034809112548828125e-01 2.452690005302429199e-01
5.034809112548828125e-01 2.452690005302429199e-01
5.034809112548828125e-01 2.452690005302429199e-01
5.034809112548828125e-01 2.452690005302429199e-01
5.034809112548828125e-01 2.452690005302429199e-01
5.034809112548828125e-01 2.452690005302429199e-01
5.034809112548828125e-01 2.452690005302429199e-01
5.034809112548828125e-01 2.452690005302429199e-01
5.034809112548828125e-01 2.452690005302429199e-01
5.034809112548828125e-01 2.452690005302429199e-01
5.034809112548828125e-01 2.452690005302429199e-01
5.034809112548828125e-01 2.452690005302429199e-01
5.034809112548828125e-01 2.452690005302429199e-01
5.034809112548828125e-01 2.452690005302429199e-01
5.034809112548828125e-01 2.452690005302429199e-01
5.034809112548828125e-01 2.452690005302429199e-01
5.034809112548828125e-01 2.452690005302429199e-01
5.034809112548828125e-01 2.452690005302429199e-01
5.034809112548828125e-01 2.452690005302429199e-01
5.034809112548828125e-01 2.452690005302429199e-01
5.034809112548828125e-01 2.452690005302429199e-01
5.034809112548828125e-01 2.452690005302429199e-01
5.034809112548828125e-01 2.452690005302429199e-01
5.034809112548828125e-01 2.452690005302429199e-01
5.034809112548828125e-01 2.452690005302429199e-01
5.034809112548828125e-01 2.452690005302429199e-01
5.034809112548828125e-01 2.452690005302429199e-01
5.034809112548828125e-01 2.452690005302429199e-01
5.034809112548828125e-01 2.452690005302429199e-01
5.034809112548828125e-01 2.452690005302429199e-01
5.034809112548828125e-01 2.452690005302429199e-01
5.034809112548828125e-01 2.452690005302429199e-01
5.034809112548828125e-01 2.452690005302429199e-01
5.034809112548828125e-01 2.452690005302429199e-01
5.034809112548828125e-01 2.452690005302429199e-01
5.034809112548828125e-01 2.452690005302429199e-01
5.034809112548828125e-01 2.452690005302429199e-01
5.034809112548828125e-01 2.452690005302429199e-01
5.034809112548828125e-01 2.452690005302429199e-01
5.034809112548828125e-01 2.452690005302429199e-01
5.034809112548828125e-01 2.452690005302429199e-01
5.034809112548828125e-01 2.452690005302429199e-01
5.034809112548828125e-01 2.452690005302429199e-01
5.034809112548828125e-01 2.452690005302429199e-01
5.034809112548828125e-01 2.452690005302429199e-01
5.034809112548828125e-01 2.452690005302429199e-01
5.034809112548828125e-01 2.452690005302429199e-01
5.034809112548828125e-01 2.452690005302429199e-01
5.034809112548828125e-01 2.452690005302429199e-01
5.034809112548828125e-01 2.452690005302429199e-01
5.034809112548828125e-01 2.452690005302429199e-01
5.034809112548828125e-01 2.452690005302429199e-01
5.034809112548828125e-01 2.452690005302429199e-01
5.034809112548828125e-01 2.452690005302429199e-01
5.034809112548828125e-01 2.452690005302429199e-01
5.034809112548828125e-01 2.452690005302429199e-01
5.034809112548828125e-01 2.452690005302429199e-01
5.034809112548828125e-01 2.452690005302429199e-01
5.034809112548828125e-01 2.452690005302429199e-01
5.034809112548828125e-01 2.452690005302429199e-01
5.034809112548828125e-01 2.452690005302429199e-01
5.034809112548828125e-01 2.452690005302429199e-01
5.034809112548828125e-01 2.452690005302429199e-01
5.034809112548828125e-01 2.452690005302429199e-01
5.034809112548828125e-01 2.452690005302429199e-01
5.034809112548828125e-01 2.452690005302429199e-01
5.034809112548828125e-01 2.452690005302429199e-01
5.034809112548828125e-01 2.452690005302429199e-01
5.034809112548828125e-01 2.452690005302429199e-01
5.034809112548828125e-01 2.452690005302429199e-01
5.034809112548828125e-01 2.452690005302429199e-01
5.034809112548828125e-01 2.452690005302429199e-01
5.034809112548828125e-01 2.452690005302429199e-01
5.034809112548828125e-01 2.452690005302429199e-01
5.034809112548828125e-01 2.452690005302429199e-01
5.034809112548828125e-01 2.452690005302429199e-01
5.034809112548828125e-01 2.452690005302429199e-01
5.034809112548828125e-01 2.452690005302429199e-01
5.034809112548828125e-01 2.452690005302429199e-01
5.034809112548828125e-01 2.452690005302429199e-01
5.034809112548828125e-01 2.452690005302429199e-01
5.034809112548828125e-01 2.452690005302429199e-01
5.034809112548828125e-01 2.452690005302429199e-01
5.034809112548828125e-01 2.452690005302429199e-01
5.034809112548828125e-01 2.452690005302429199e-01
5.034809112548828125e-01 2.452690005302429199e-01
5.034809112548828125e-01 2.452690005302429199e-01
5.034809112548828125e-01 2.452690005302429199e-01
5.034809112548828125e-01 2.452690005302429199e-01
5.034809112548828125e-01 2.452690005302429199e-01
5.034809112548828125e-01 2.452690005302429199e-01
5.034809112548828125e-01 2.452690005302429199e-01
5.034809112548828125e-01 2.452690005302429199e-01
5.034809112548828125e-01 2.452690005302429199e-01
5.034809112548828125e-01 2.452690005302429199e-01
5.034809112548828125e-01 2.452690005302429199e-01
5.034809112548828125e-01 2.452690005302429199e-01
5.034809112548828125e-01 2.452690005302429199e-01
5.034809112548828125e-01 2.452690005302429199e-01
5.034809112548828125e-01 2.452690005302429199e-01
5.034809112548828125e-01 2.452690005302429199e-01
5.034809112548828125e-01 2.452690005302429199e-01
5.034809112548828125e-01 2.452690005302429199e-01
5.034809112548828125e-01 2.452690005302429199e-01
5.034809112548828125e-01 2.452690005302429199e-01
5.034809112548828125e-01 2.452690005302429199e-01
5.034809112548828125e-01 2.452690005302429199e-01
5.034809112548828125e-01 2.452690005302429199e-01
5.034809112548828125e-01 2.452690005302429199e-01
5.034809112548828125e-01 2.452690005302429199e-01
5.034809112548828125e-01 2.452690005302429199e-01
5.034809112548828125e-01 2.452690005302429199e-01
5.034809112548828125e-01 2.452690005302429199e-01
5.034809112548828125e-01 2.452690005302429199e-01
5.034809112548828125e-01 2.452690005302429199e-01
5.034809112548828125e-01 2.452690005302429199e-01
5.034809112548828125e-01 2.452690005302429199e-01
5.034809112548828125e-01 2.452690005302429199e-01
5.034809112548828125e-01 2.452690005302429199e-01
5.034809112548828125e-01 2.452690005302429199e-01
5.034809112548828125e-01 2.452690005302429199e-01
5.034809112548828125e-01 2.452690005302429199e-01
5.034809112548828125e-01 2.452690005302429199e-01
5.034809112548828125e-01 2.452690005302429199e-01
5.034809112548828125e-01 2.452690005302429199e-01
5.034809112548828125e-01 2.452690005302429199e-01
5.034809112548828125e-01 2.452690005302429199e-01
5.034809112548828125e-01 2.452690005302429199e-01
5.034809112548828125e-01 2.452690005302429199e-01
5.034809112548828125e-01 2.452690005302429199e-01
5.034809112548828125e-01 2.452690005302429199e-01
5.034809112548828125e-01 2.452690005302429199e-01
5.034809112548828125e-01 2.452690005302429199e-01
5.034809112548828125e-01 2.452690005302429199e-01
5.034809112548828125e-01 2.452690005302429199e-01
5.034809112548828125e-01 2.452690005302429199e-01
5.034809112548828125e-01 2.452690005302429199e-01
5.034809112548828125e-01 2.452690005302429199e-01
5.034809112548828125e-01 2.452690005302429199e-01
5.034809112548828125e-01 2.452690005302429199e-01
5.034809112548828125e-01 2.452690005302429199e-01
5.034809112548828125e-01 2.452690005302429199e-01
5.034809112548828125e-01 2.452690005302429199e-01
5.034809112548828125e-01 2.452690005302429199e-01
5.034809112548828125e-01 2.452690005302429199e-01
5.034809112548828125e-01 2.452690005302429199e-01
5.034809112548828125e-01 2.452690005302429199e-01
5.034809112548828125e-01 2.452690005302429199e-01
5.034809112548828125e-01 2.452690005302429199e-01
5.034809112548828125e-01 2.452690005302429199e-01
5.034809112548828125e-01 2.452690005302429199e-01
5.034809112548828125e-01 2.452690005302429199e-01
5.034809112548828125e-01 2.452690005302429199e-01
5.034809112548828125e-01 2.452690005302429199e-01
5.034809112548828125e-01 2.452690005302429199e-01
5.034809112548828125e-01 2.452690005302429199e-01
5.034809112548828125e-01 2.452690005302429199e-01
5.034809112548828125e-01 2.452690005302429199e-01
5.034809112548828125e-01 2.452690005302429199e-01
5.034809112548828125e-01 2.452690005302429199e-01
5.034809112548828125e-01 2.452690005302429199e-01
5.034809112548828125e-01 2.452690005302429199e-01
5.034809112548828125e-01 2.452690005302429199e-01
5.034809112548828125e-01 2.452690005302429199e-01
5.034809112548828125e-01 2.452690005302429199e-01
5.034809112548828125e-01 2.452690005302429199e-01
5.034809112548828125e-01 2.452690005302429199e-01
5.034809112548828125e-01 2.452690005302429199e-01
5.034809112548828125e-01 2.452690005302429199e-01
5.034809112548828125e-01 2.452690005302429199e-01
5.034809112548828125e-01 2.452690005302429199e-01
5.034809112548828125e-01 2.452690005302429199e-01
5.034809112548828125e-01 2.452690005302429199e-01
5.034809112548828125e-01 2.452690005302429199e-01
5.034809112548828125e-01 2.452690005302429199e-01
5.034809112548828125e-01 2.452690005302429199e-01
5.034809112548828125e-01 2.452690005302429199e-01
5.034809112548828125e-01 2.452690005302429199e-01
5.034809112548828125e-01 2.452690005302429199e-01
5.034809112548828125e-01 2.452690005302429199e-01
5.034809112548828125e-01 2.452690005302429199e-01
5.034809112548828125e-01 2.452690005302429199e-01
5.034809112548828125e-01 2.452690005302429199e-01
5.034809112548828125e-01 2.452690005302429199e-01
5.034809112548828125e-01 2.452690005302429199e-01
5.034809112548828125e-01 2.452690005302429199e-01
5.034809112548828125e-01 2.452690005302429199e-01
5.034809112548828125e-01 2.452690005302429199e-01
5.034809112548828125e-01 2.452690005302429199e-01
5.034809112548828125e-01 2.452690005302429199e-01
5.034809112548828125e-01 2.452690005302429199e-01
5.034809112548828125e-01 2.452690005302429199e-01
5.034809112548828125e-01 2.452690005302429199e-01
5.034809112548828125e-01 2.452690005302429199e-01
