1.171000000000000096e-01 1.241331847254290466e+00 -1.007131847254290502e+00
5.969999999999999751e-01 2.413660635330550530e+00 -1.219660635330550580e+00
1.000000000000000021e-03 1.002000500166708274e+00 -1.000000500166708495e+00
6.014000000000000457e-01 2.426071553221087473e+00 -1.223271553221087604e+00
1.038000000000000034e-01 1.213178557015129222e+00 -1.005578557015128993e+00
9.512000000000000455e-01 3.540014373362887934e+00 -1.637614373362887843e+00
5.858999999999999764e-01 2.382507204716465488e+00 -1.210707204716465757e+00
1.935000000000000053e-01 1.406989386551499743e+00 -1.019989386551499733e+00
3.265000000000000124e-01 1.712608249763008628e+00 -1.059608249763008603e+00
3.375000000000000222e-01 1.738939608391973035e+00 -1.063939608391973213e+00
8.891000000000000014e-01 3.322039020535420661e+00 -1.543839020535420659e+00
8.578999999999999959e-01 3.216103263372717791e+00 -1.500303263372718021e+00
2.928000000000000047e-01 1.632974728680663734e+00 -1.047374728680663836e+00
8.220000000000000639e-01 3.097045381235993045e+00 -1.453045381235992917e+00
6.610000000000000320e-01 2.597728094455146852e+00 -1.275728094455146788e+00
5.422000000000000153e-01 2.261986233065287344e+00 -1.177586233065287535e+00
4.934000000000000052e-01 2.131275540592833195e+00 -1.144475540592833074e+00
5.389000000000000457e-01 2.253020292440043981e+00 -1.175220292440044112e+00
1.218000000000000055e-01 1.251328173553538203e+00 -1.007728173553538387e+00
7.388000000000000123e-01 2.832221900347093424e+00 -1.354621900347093622e+00
9.864000000000000545e-01 3.667963446539967531e+00 -1.695163446539967200e+00
1.053000000000000047e-01 1.216343873525787878e+00 -1.005743873525787979e+00
3.495000000000000329e-01 1.767858192172844234e+00 -1.068858192172843946e+00
3.724999999999999978e-01 1.823858479143153355e+00 -1.078858479143153248e+00
6.254000000000000670e-01 2.494393405294802246e+00 -1.243593405294801890e+00
8.571000000000000840e-01 3.213417455185871408e+00 -1.499217455185871462e+00
7.822000000000000064e-01 2.968476787518695925e+00 -1.404076787518695912e+00
9.012000000000000011e-01 3.363756406513155994e+00 -1.561356406513156214e+00
4.936000000000000387e-01 2.131803148460646558e+00 -1.144603148460646480e+00
9.971000000000000973e-01 3.707510230490246528e+00 -1.713310230490246333e+00
1.554999999999999993e-01 1.323741936067251990e+00 -1.012741936067252047e+00
3.812000000000000388e-01 1.845240384207714301e+00 -1.082840384207714335e+00
8.049000000000000599e-01 3.041372840353214535e+00 -1.431572840353214637e+00
2.280000000000000082e-01 1.484085325432344060e+00 -1.028085325432344099e+00
8.936000000000000609e-01 3.337511916627281305e+00 -1.550311916627280961e+00
1.370999999999999996e-01 1.284042837069582221e+00 -1.009842837069582222e+00
5.131999999999999895e-01 2.183828662162622170e+00 -1.157428662162621968e+00
4.954000000000000070e-01 2.136554569610026100e+00 -1.145754569610026197e+00
3.140000000000000430e-02 1.063298180617921362e+00 -1.000498180617921173e+00
3.024000000000000021e-01 1.655502359419492864e+00 -1.050702359419492860e+00
9.364000000000000101e-01 3.487182054014364319e+00 -1.614382054014364520e+00
7.875000000000000888e-01 2.985394815069702279e+00 -1.410394815069702101e+00
4.377000000000000335e-01 1.986840095672531170e+00 -1.111440095672531214e+00
1.039000000000000062e-01 1.213389500417908495e+00 -1.005589500417908289e+00
9.451000000000000512e-01 3.518170672790680964e+00 -1.627970672790680862e+00
2.227000000000000091e-01 1.472145683800165195e+00 -1.026745683800165398e+00
7.405000000000000471e-01 2.837483744287221832e+00 -1.356483744287221960e+00
8.561000000000000831e-01 3.210062315496791552e+00 -1.497862315496791386e+00
4.332000000000000295e-01 1.975384626784352893e+00 -1.108984626784352834e+00
5.565999999999999837e-01 2.301330321223815201e+00 -1.188130321223815233e+00
